Coverage Report by instance with details

=================================================================================
=== Instance: /tb_top/dut/mem_inst
=== Design Unit: work.axi4_memory
=================================================================================
Statement Coverage:
    Enabled Coverage              Bins      Hits    Misses  Coverage
    ----------------              ----      ----    ------  --------
    Statements                       7         6         1    85.71%

================================Statement Details================================

Statement Coverage for instance /tb_top/dut/mem_inst --

    Line         Item                      Count     Source 
    ----         ----                      -----     ------ 
  File C:/Users/zyado/OneDrive/Desktop/Summer 2026/Hassan Khaled/AXI4_Project/axi4_memory.v
    44              1                       5124     
    47              1                          2     
    50              1                       5056     
    53              1                    ***0***     
    61              1                          1     
    61              2                       1024     
    62              1                       1024     

=================================================================================
=== Instance: /tb_top/dut
=== Design Unit: work.axi4
=================================================================================
Statement Coverage:
    Enabled Coverage              Bins      Hits    Misses  Coverage
    ----------------              ----      ----    ------  --------
    Statements                      82        56        26    68.29%

================================Statement Details================================

Statement Coverage for instance /tb_top/dut --

    Line         Item                      Count     Source 
    ----         ----                      -----     ------ 
  File C:/Users/zyado/OneDrive/Desktop/Summer 2026/Hassan Khaled/AXI4_Project/axi4.v
    128             1                        133     
    129             1                          2     
    138             1                      18913     
    139             1                          2     
    156             1                      19917     
    158             1                          3     
    159             1                          3     
    160             1                          3     
    161             1                          3     
    163             1                          3     
    164             1                          3     
    165             1                          3     
    166             1                          3     
    167             1                          3     
    169             1                          3     
    170             1                          3     
    172             1                          3     
    173             1                          3     
    174             1                          3     
    175             1                          3     
    177             1                          3     
    178             1                          3     
    179             1                          3     
    180             1                          3     
    181             1                          3     
    182             1                          3     
    183             1                          3     
    184             1                          3     
    188             1                      19914     
    189             1                      19914     
    197             1                        402     
    198             1                        402     
    199             1                        402     
    202             1                        200     
    203             1                        200     
    204             1                        200     
    205             1                        200     
    213             1                        200     
    219             1                        200     
    220             1                        200     
    227             1                       5056     
    228             1                       5056     
    229             1                       5056     
    230             1                       5056     
    234             1                        200     
    235             1                        200     
    239             1                        200     
    240             1                        200     
    242             1                      18712     
    243             1                      18712     
    250             1                        200     
    251             1                        200     
    252             1                        200     
    256             1                    ***0***     
    271             1                      19914     
    272             1                      19914     
    273             1                      19914     
    276             1                    ***0***     
    277             1                    ***0***     
    278             1                    ***0***     
    279             1                    ***0***     
    282             1                    ***0***     
    288             1                    ***0***     
    294             1                    ***0***     
    295             1                    ***0***     
    296             1                    ***0***     
    300             1                    ***0***     
    308             1                    ***0***     
    313             1                    ***0***     
    314             1                    ***0***     
    315             1                    ***0***     
    317             1                    ***0***     
    318             1                    ***0***     
    320             1                    ***0***     
    322             1                    ***0***     
    325             1                    ***0***     
    328             1                    ***0***     
    330             1                    ***0***     
    332             1                    ***0***     
    333             1                    ***0***     
    334             1                    ***0***     
    339             1                    ***0***     

=================================================================================
=== Instance: /tb_top
=== Design Unit: work.tb_top
=================================================================================
Statement Coverage:
    Enabled Coverage              Bins      Hits    Misses  Coverage
    ----------------              ----      ----    ------  --------
    Statements                      21        18         3    85.71%

================================Statement Details================================

Statement Coverage for instance /tb_top --

    Line         Item                      Count     Source 
    ----         ----                      -----     ------ 
  File C:/Users/zyado/OneDrive/Desktop/Summer 2026/Hassan Khaled/AXI4_Project/tb_top.sv
    18              1                          1     
    19              1                   53704111     
    19              2                   53704110     
    22              1                          1     
    23              1                          5     
    23              2                          5     
    24              1                          1     
    81              1                       5056     
    93              1                          1     
    94              1                          1     
    96              1                          1     
    98              1                          1     
    99              1                          1     
    104             1                          1     
    105             1                          1     
    109             1                      19918     
    110             1                      19919     
    112             1                    ***0***     
    117             1                    ***0***     
    128             1                    ***0***     
    137             1                          1     

=================================================================================
=== Instance: /axi4_write_pkg
=== Design Unit: work.axi4_write_pkg
=================================================================================
Statement Coverage:
    Enabled Coverage              Bins      Hits    Misses  Coverage
    ----------------              ----      ----    ------  --------
    Statements                     172       161        11    93.60%

================================Statement Details================================

Statement Coverage for instance /axi4_write_pkg --

    Line         Item                      Count     Source 
    ----         ----                      -----     ------ 
  File axi4_write_txn.sv
    83              1                        200     
    84              1                      19112     
    85              1                      18912     
    87              1                        200     
    91              1                        200     
  File axi4_golden_model.sv
    27              1                       1025     
    28              1                       1024     
    41              1                        200     
    42              1                        200     
    43              1                        200     
    45              1                        200     
    47              1                        200     
    49              1                        200     
    51              1                        200     
    52              1                        200     
    54              1                        200     
    55              1                        200     
    57              1                        200     
    57              2                      18912     
    60              1                      18912     
    64              1                      18912     
    69              1                      18912     
    72              1                       5056     
    75              1                      13856     
    78              1                      18912     
    81              1                        200     
    85              1                       5056     
  File axi4_write_scoreboard.sv
    14              1                          1     
    15              1                          1     
    16              1                          1     
    17              1                          1     
    21              1                        200     
    24              1                    ***0***     
    25              1                    ***0***     
    29              1                        200     
    42              1                    ***0***     
    44              1                       5056     
    47              1                    ***0***     
    48              1                    ***0***     
    57              1                          1     
    58              1                          1     
    59              1                          1     
    60              1                          1     
    61              1                          1     
    62              1                          1     
    65              1                    ***0***     
  File axi4_write_coverage.sv
    110             1                          1     
    111             1                          1     
    115             1                        200     
    116             1                        200     
    118             1                        200     
    119             1                        200     
    119             2                      18912     
    120             1                      18912     
    121             1                      18912     
    122             1                      18912     
    123             1                      18912     
    124             1                      18912     
    125             1                      18912     
    130             1                          1     
    134             1                          1     
    138             1                          1     
  File axi4_write_driver.sv
    20              1                          1     
    24              1                          1     
    25              1                          1     
    26              1                          1     
    27              1                          1     
    29              1                          1     
    30              1                          1     
    31              1                          1     
    33              1                          1     
    41              1                        200     
    43              1                        200     
    44              1                        200     
    45              1                        200     
    46              1                        200     
    49              1                        200     
    49              2                        200     
    52              1                        200     
    53              1                        200     
    60              1                        200     
    60              2                      18912     
    61              1                      18912     
    63              1                      18912     
    64              1                      18912     
    65              1                      18912     
    67              1                      18912     
    67              2                      18912     
    71              1                        200     
    72              1                        200     
    73              1                        200     
    78              1                        200     
    79              1                        200     
    81              1                        200     
    81              2                        200     
    84              1                        200     
    85              1                        200     
  File axi4_write_monitor.sv
    13              1                          1     
    17              1                      19911     
    17              2                      19911     
    20              1                        200     
  File axi4_write_env.sv
    37              1                          1     
    38              1                          1     
    40              1                          1     
    41              1                          1     
    42              1                          1     
    44              1                          1     
    45              1                          1     
    70              1                          1     
    76              1                          1     
    82              1                          1     
    88              1                          1     
    94              1                          1     
    105             1                          1     
    111             1                          1     
    117             1                          1     
    128             1                          1     
    134             1                          1     
    140             1                          1     
    151             1                          1     
    157             1                          1     
    163             1                          1     
    169             1                          1     
    180             1                          1     
    186             1                          1     
    192             1                          1     
    203             1                          1     
    209             1                          1     
    220             1                          1     
    226             1                          1     
    237             1                          1     
    248             1                          1     
    254             1                          1     
    260             1                          1     
    266             1                          1     
    277             1                          1     
    283             1                          1     
    289             1                          1     
    295             1                          1     
    301             1                          1     
    309             1                    ***0***     
    326             1                    ***0***     
    333             1                          1     
    336             1                          1     
    338             1                          2     
    339             1                          2     
    341             1                          1     
    342             1                          1     
    343             1                          1     
    344             1                          1     
    351             1                          1     
    351             2                        200     
    353             1                        200     
    364             1                    ***0***     
    377             1                    ***0***     
    392             1                        200     
    399             1                        200     
    415             1                        200     
    417             1                        200     
    426             1                        200     
    436             1                      19112     
    440             1                       5056     
    455             1                        200     
    464             1                          1     
    465             1                          1     
    466             1                          1     
    467             1                          1     
    469             1                          1     
    471             1                          1     
    476             1                          1     
    481             1                          1     
    494             1                    ***0***     


Total Coverage By Instance (filtered view): 85.46%

